0 拠点 999 1000 0 0 0 0 100 100 100 100 100 100 100 100 100 火 0 50 50 1 1 0  
1 ウォータースライム 1 10000 500 30 1000 1000 100 120 100 100 100 100 100 100 100 水 2 50 50 1 1 1 1 
2 ファイヤスライム 1 100 50 30 100 100 120 100 100 100 100 100 100 100 100 火 2 50 50 1 1 1 1 
3 アイススライム 1 100 50 30 100 100 100 100 120 100 100 100 100 100 100 氷 2 50 50 1 1 1 1 
4 サンダースライム 1 100 50 30 100 100 100 100 100 120 100 100 100 100 100 電 2 50 50 1 1 1 1 
5 ダークスライム 1 100 50 30 100 100 100 100 100 100 120 100 100 100 100 闇 2 50 50 1 1 1 1 
6 ホーリースライム 1 100 50 30 100 100 100 100 100 100 100 120 100 100 100 光 2 50 50 1 1 1 1 
7 ロックスライム 1 100 50 30 100 100 100 100 100 100 100 100 120 100 100 地 2 50 50 1 1 1 1 
8 ポイズンスライム 1 100 50 30 100 100 100 100 100 100 100 100 100 120 100 毒 2 50 50 1 1 1 1 
9 ウィンドスライム 1 100 50 30 100 100 100 100 100 100 100 100 100 100 120 風 2 50 50 1 1 1 1 
10 ビックスライム 3 500 50 50 70 70 100 120 100 100 100 100 100 100 100 水 2 100 100 2 2 2 1 2
11 ミズプチデビル 1 150 80 50 150 150 100 100 100 100 100 100 100 100 100 水 3 50 50 1 1 0  
12 アカプチデビル 1 150 80 50 150 150 100 100 100 100 100 100 100 100 100 火 3 50 50 1 1 0  
13 アイススライムプチデビル 1 150 80 50 150 150 100 100 100 100 100 100 100 100 100 氷 3 50 50 1 1 0  
14 デンキプチデビル 1 150 80 50 150 150 100 100 100 100 100 100 100 100 100 電 3 50 50 1 1 0  
15 ヤミプチデビル 1 150 80 50 150 150 100 100 100 100 100 100 100 100 100 闇 3 50 50 1 1 0  
16 ヒカリプチデビル 1 150 80 50 150 150 100 100 100 100 100 100 100 100 100 光 3 50 50 1 1 0  
17 イシプチデビル 1 150 80 50 150 150 100 100 100 100 100 100 100 100 100 地 3 50 50 1 1 0  
18 ドクプチデビル 1 150 80 50 150 150 100 100 100 100 100 100 100 100 100 毒 3 50 50 1 1 0  
19 カゼプチデビル 1 150 80 50 150 150 100 100 100 100 100 100 100 100 100 風 3 50 50 1 1 0  
